000002
000005
000056
000090
000419
000502
000534
000537
000544
000571
000592
000601
000610
000619
000625
000635
000718
000735
000753
000760
000762
000795
000869
000875
000885
000898
000906
000931
000955
000995
002023
002028
002029
002035
002054
002059
002066
002082
002087
002135
002142
002145
002164
002184
002212
002220
002247
002259
002271
002279
002280
002288
002293
002304
002324
002341
002344
002366
002383
002392
002420
002425
002436
002470
002540
002555
002559
002566
002572
002599
002638
002645
002654
002666
002694
002698
002741
002753
002807
002821
002839
002890
002907
002945
002946
002955
002956
002966
002999
300019
300034
300064
300084
300125
300148
300176
300207
300294
300312
300386
300424
300443
300513
300534
300582
300597
300604
300618
300664
300695
300708
300742
300821
300842
300871
300921
300955
300989
300994
600004
600007
600091
600101
600131
600155
600206
600212
600219
600240
600279
600329
600359
600398
600491
600590
600609
600636
600640
600654
600736
600739
600819
600864
600869
600893
600901
600917
600958
600973
601009
601020
601038
601098
601108
601111
601162
601166
601198
601212
601233
601288
601298
601333
601369
601390
601519
601609
601699
601717
601778
601869
601880
601886
601888
601956
601966
601968
601985
601989
603017
603020
603023
603030
603042
603055
603056
603060
603068
603077
603085
603087
603088
603105
603110
603111
603122
603123
603131
603133
603138
603179
603192
603226
603260
603283
603290
603309
603315
603327